6 0.49873417721518987 0.44936708860759494 0.48607594936708864 0.5 0.5037974683544304 0.520253164556962 0.5063291139240507 0.5670886075949367 0.5012658227848101 0.6291139240506329 0.46835443037974683 0.6253164556962025 0.4177215189873418 0.5632911392405063 0.4075949367088607 0.49746835443037973 0.4227848101265823 0.42784810126582273 0.45696202531645574 0.3822784810126582 0.5 0.369620253164557
6 0.589873417721519 0.31898734177215193 0.6215189873417721 0.2569620253164557 0.6734177215189873 0.2607594936708861 0.6848101265822785 0.31265822784810127 0.6518987341772152 0.33797468354430377 0.6341772151898735 0.3670886075949367 0.6379746835443039 0.3962025316455696 0.5936708860759493 0.3924050632911392 0.5924050632911392 0.3455696202531645
6 0.6341772151898735 0.4835443037974684 0.669620253164557 0.43291139240506327 0.7025316455696202 0.4265822784810126 0.7329113924050633 0.46202531645569617 0.7202531645569621 0.49873417721518987 0.6708860759493671 0.510126582278481 0.6569620253164556 0.5443037974683544 0.6329113924050633 0.5291139240506328
6 0.5265822784810126 0.28227848101265823 0.5291139240506328 0.22911392405063288 0.5569620253164557 0.1962025316455696 0.5367088607594936 0.15949367088607597 0.49746835443037973 0.17721518987341772 0.47215189873417723 0.2278481012658228 0.4772151898734177 0.2759493670886076 0.5075949367088607 0.3139240506329114 0.5227848101265823 0.31265822784810127
6 0.3481012658227848 0.24936708860759493 0.37468354430379747 0.19240506329113924 0.40126582278481016 0.18734177215189873 0.4037974683544304 0.23544303797468355 0.4113924050632911 0.2759493670886076 0.4177215189873418 0.3177215189873418 0.3873417721518987 0.3430379746835443 0.359493670886076 0.32531645569620254 0.3455696202531645 0.289873417721519
6 0.30886075949367087 0.3924050632911392 0.3227848101265823 0.4227848101265823 0.37088607594936707 0.43670886075949367 0.3721518987341772 0.47848101265822784 0.3291139240506329 0.5012658227848101 0.27721518987341776 0.4835443037974684 0.26962025316455696 0.4139240506329114 0.2949367088607595 0.37341772151898733
6 0.6658227848101266 0.5974683544303797 0.691139240506329 0.6278481012658228 0.6898734177215189 0.6721518987341772 0.6759493670886075 0.7215189873417722 0.6531645569620254 0.7139240506329114 0.6354430379746836 0.6620253164556962 0.5962025316455696 0.6518987341772152 0.6050632911392405 0.6101265822784809 0.640506329113924 0.5835443037974684
6 0.5721518987341773 0.7063291139240506 0.5924050632911392 0.7468354430379747 0.5721518987341773 0.7962025316455696 0.5645569620253165 0.8253164556962025 0.5544303797468355 0.8316455696202532 0.5379746835443038 0.7734177215189872 0.5025316455696203 0.739240506329114 0.5113924050632911 0.6924050632911392 0.5455696202531646 0.6898734177215189
6 0.4708860759493671 0.7202531645569621 0.46075949367088603 0.7632911392405063 0.43291139240506327 0.7987341772151899 0.4 0.8139240506329115 0.37341772151898733 0.7645569620253164 0.4151898734177215 0.7430379746835443 0.41645569620253164 0.6974683544303797 0.430379746835443 0.6822784810126582 0.46075949367088603 0.6898734177215189
6 0.38354430379746834 0.6569620253164556 0.3949367088607595 0.6075949367088607 0.37721518987341773 0.5822784810126582 0.34177215189873417 0.6088607594936708 0.2974683544303797 0.6215189873417721 0.2911392405063291 0.6582278481012658 0.3240506329113924 0.6873417721518987 0.3607594936708861 0.6797468354430379
