6 0.4978971004486084 0.43724660873413085 0.4848934173583984 0.49019608497619627 0.5030985355377198 0.511375904083252 0.5056992053985596 0.5603541374206543 0.5004977703094482 0.6252171516418457 0.466688346862793 0.6212459564208984 0.4146737575531006 0.5563828945159912 0.4042708396911621 0.4875486373901367 0.4198752403259277 0.41474313735961915 0.45498504638671877 0.36708860397338866 0.49919743537902833 0.3538512229919434
6 0.5915232181549073 0.30090179443359377 0.6240324020385742 0.2360387325286865 0.6773472309112549 0.24000992774963378 0.6890504837036133 0.294283127784729 0.655241060256958 0.3207578420639038 0.6370359420776367 0.35120377540588377 0.640937089920044 0.38164970874786375 0.5954243659973144 0.37767848968505857 0.5941240310668945 0.32870025634765626
6 0.6370359420776367 0.4729875087738037 0.6734461784362793 0.4200380802154541 0.7072556018829346 0.41341938972473147 0.73846435546875 0.4504839897155762 0.7254607200622558 0.4888723373413086 0.6747465133666992 0.500786018371582 0.6604425430297851 0.536526870727539 0.6357356071472168 0.5206419944763183
6 0.5265050411224366 0.2625134468078613 0.5291057586669922 0.20691652297973634 0.557713794708252 0.17249937057495118 0.536907958984375 0.1341110348701477 0.4965967178344727 0.15264333486557008 0.47058944702148436 0.20559277534484863 0.4757908821105957 0.25589475631713865 0.5069995880126953 0.2956068515777588 0.5226039886474609 0.294283127784729
6 0.3431537628173828 0.22809629440307616 0.3704614400863647 0.1685281753540039 0.39776906967163084 0.16323322057724 0.40036978721618655 0.21353521347045898 0.4081719875335693 0.25589475631713865 0.4146737575531006 0.29957804679870603 0.383465051651001 0.32605278491973877 0.354857063293457 0.3075204849243164 0.34055304527282715 0.2704558610916138
6 0.30284249782562256 0.37767848968505857 0.3171465158462524 0.40944819450378417 0.36656033992767334 0.4240092754364014 0.3678606986999512 0.46769256591796876 0.3236483335494995 0.491519832611084 0.27033343315124514 0.4729875087738037 0.2625312566757202 0.40018205642700194 0.2885385036468506 0.35782244205474856
6 0.6695450782775879 0.5921237945556641 0.6955523490905762 0.6238934516906738 0.6942519664764404 0.6702241897583008 0.6799479484558105 0.7218499183654785 0.6565414428710937 0.713907527923584 0.6383362770080566 0.6596343040466308 0.5980250835418701 0.649044418334961 0.6071276187896728 0.6053611755371093 0.6435377597808838 0.5775627136230469
6 0.5733181953430175 0.7059650897979737 0.5941240310668945 0.7483246326446533 0.5733181953430175 0.799950361251831 0.5655159950256348 0.8303962707519531 0.5551130771636963 0.8370149612426758 0.5382083892822266 0.7761230945587159 0.501798152923584 0.7403822422027588 0.5109006881713867 0.6914039611816406 0.5460104942321777 0.6887565135955811
6 0.46928906440734863 0.7205262184143066 0.45888614654541016 0.7655332088470459 0.4302781581878662 0.8025978088378907 0.3964686870574951 0.8184825897216796 0.3691610336303711 0.7668569564819336 0.41207308769226075 0.7443534851074218 0.4133734226226807 0.6966989517211915 0.4276773929595947 0.6808140754699707 0.45888614654541016 0.6887565135955811
6 0.3795639514923096 0.6543393611907959 0.3912672519683838 0.6027136325836182 0.37306215763092043 0.5762389183044434 0.3366519927978516 0.6040373802185058 0.29113924503326416 0.6172747611999512 0.28463742733001707 0.6556630611419678 0.3184468746185303 0.6861090660095215 0.35615742206573486 0.6781666278839111
