6 0.4981385707855225 0.4255417823791504 0.4795239448547363 0.5 0.5055843830108643 0.5297833442687988 0.5093072891235352 0.5986571788787842 0.5018614292144775 0.6898684978485108 0.4534635543823242 0.6842842102050781 0.37900533676147463 0.5930727958679199 0.3641136646270752 0.4962771415710449 0.3864511728286743 0.3938969850540161 0.43671045303344724 0.3268845796585083 0.5 0.308270001411438
6 0.6321633815765381 0.23381175994873046 0.6786998271942138 0.142600417137146 0.7550194740295411 0.14818477630615234 0.7717725753784179 0.22450449466705322 0.7233747005462646 0.26173360347747804 0.6973143577575683 0.3045470952987671 0.7028987407684326 0.34736061096191406 0.6377477645874023 0.3417762041091919 0.6358863353729248 0.27290232181549073
6 0.6973143577575683 0.47580108642578123 0.7494351863861084 0.40134282112121583 0.7978329658508301 0.3920355558395386 0.8425079345703125 0.4441563129425049 0.8238934516906739 0.4981385707855225 0.7512966156005859 0.5148916721343995 0.7308205604553223 0.5651509761810303 0.6954529285430908 0.542813491821289
6 0.5390905857086181 0.17982953786849976 0.542813491821289 0.10164835453033447 0.5837655067443848 0.05325050354003906 0.5539822578430176 0.0 0.4962771415710449 0.02532866895198822 0.4590479850769043 0.09978691339492798 0.4664937973022461 0.17052223682403564 0.5111687183380127 0.22636592388153076 0.533506202697754 0.22450449466705322
6 0.2766252517700195 0.1314316749572754 0.3157158374786377 0.04766614437103271 0.3548063993453979 0.04022031426429749 0.3585293531417847 0.11095565557479858 0.3696980714797974 0.17052223682403564 0.37900533676147463 0.2319502830505371 0.3343303918838501 0.26917941570281984 0.2933783531188965 0.2431190252304077 0.27290232181549073 0.19099825620651245
6 0.21892011165618896 0.3417762041091919 0.2393961191177368 0.3864511728286743 0.31013147830963134 0.40692720413208006 0.3119929313659668 0.4683552265167236 0.24870338439941406 0.5018614292144775 0.172383713722229 0.47580108642578123 0.16121495962142945 0.37342100143432616 0.19844408035278321 0.31385436058044436
6 0.7438507556915284 0.6433321475982666 0.7810798645019531 0.6880070686340332 0.7792184352874756 0.7531580448150634 0.7587424278259277 0.8257548332214355 0.7252362251281739 0.8145861625671387 0.6991757869720459 0.7382663726806641 0.6414706707000732 0.7233747005462646 0.6545008659362793 0.6619467258453369 0.7066215991973877 0.6228560924530029
6 0.606102991104126 0.8034173965454101 0.6358863353729248 0.8629838943481445 0.606102991104126 0.9355807304382324 0.5949342727661133 0.9783942222595214 0.5800426483154297 0.9877015113830566 0.5558436870574951 0.9020745277404785 0.503722858428955 0.8518152236938477 0.516753101348877 0.7829413890838623 0.5670124053955078 0.7792184352874756
6 0.4571865081787109 0.8238934516906739 0.44229488372802733 0.8871829032897949 0.40134282112121583 0.9393036842346192 0.3529449701309204 0.9616411209106446 0.31385436058044436 0.8890443801879883 0.3752824544906616 0.8573996543884277 0.3771438837051392 0.7903872013092041 0.3976198673248291 0.7680497169494629 0.44229488372802733 0.7792184352874756
6 0.32874603271484376 0.7308205604553223 0.3454991340637207 0.6582237720489502 0.3194387435913086 0.6209946632385254 0.2673179626464844 0.6600852489471436 0.20216701030731202 0.6786998271942138 0.1928597331047058 0.7326819896697998 0.24125759601593016 0.7754955291748047 0.29523983001708987 0.7643267631530761
