6 0.4842381000518799 0.45972657203674316 0.48882341384887695 0.504055118560791 0.5089465141296386 0.5151508808135986 0.5246185302734375 0.5520074844360352 0.5386179447174072 0.6032686233520508 0.5110947132110596 0.6098052978515625 0.45238895416259767 0.5747645854949951 0.42509093284606936 0.5248791217803955 0.4170079708099365 0.46457247734069823 0.431170129776001 0.41804118156433107 0.46202940940856935 0.3953466653823853
6 0.5194231986999511 0.32853069305419924 0.5267608642578125 0.2695280075073242 0.5695249080657959 0.25746166706085205 0.5937838554382324 0.2958019733428955 0.5747394561767578 0.32570781707763674 0.568993616104126 0.35423803329467773 0.5805206298828125 0.37650127410888673 0.5438529014587402 0.38635575771331787 0.5291969299316406 0.3491304636001587
6 0.6029090881347656 0.44771480560302734 0.6166126728057861 0.3967506170272827 0.6411868095397949 0.38208556175231934 0.6758941173553467 0.401687479019165 0.6764243602752685 0.43483948707580566 0.6401161670684814 0.4583611488342285 0.6388930320739746 0.4898496627807617 0.6151642799377441 0.48466129302978517
6 0.4579298973083496 0.31749753952026366 0.44447884559631345 0.27408604621887206 0.4572471618652344 0.23955848217010497 0.43029961585998533 0.21599133014678956 0.403963041305542 0.24164409637451173 0.39838786125183107 0.28965909481048585 0.41646060943603513 0.3267944574356079 0.4519052505493164 0.34842853546142577 0.4637292385101318 0.3429887294769287
6 0.30508177280426024 0.3430593490600586 0.30982978343963624 0.28959543704986573 0.32969226837158205 0.27778964042663573 0.3457329750061035 0.3156623125076294 0.36362595558166505 0.3459640979766846 0.3808715343475342 0.3776505470275879 0.3638592004776001 0.40681910514831543 0.3363450288772583 0.40070462226867676 0.3148463487625122 0.37631027698516845
6 0.3152412176132202 0.4693012237548828 0.3352653026580811 0.48963131904602053 0.3779304027557373 0.48679938316345217 0.39111177921295165 0.5199604034423828 0.363201642036438 0.5507833003997803 0.31638250350952146 0.5516731262207031 0.2900106191635132 0.4980021953582764 0.2985349655151367 0.4581155300140381
6 0.6614885807037354 0.529943323135376 0.690657091140747 0.5469556331634522 0.7025436878204345 0.5828860759735107 0.7057443618774414 0.6265671730041504 0.685243558883667 0.6271065235137939 0.6559042930603027 0.5906094551086426 0.6214575290679931 0.5939090728759766 0.6164045333862305 0.5577988624572754 0.6371123790740967 0.5261396884918212
6 0.618004322052002 0.6446035861968994 0.6460578918457032 0.6712188720703125 0.6441781997680665 0.716743278503418 0.64656081199646 0.7423243045806884 0.6402756214141846 0.7503537654876709 0.6101092338562012 0.7084077835083008 0.5717062473297119 0.6912964820861817 0.5651787281036377 0.6511220932006836 0.5918748378753662 0.6391365051269531
6 0.5407752990722656 0.6852718830108643 0.5451808452606202 0.7227667808532715 0.5331498146057129 0.7593265056610108 0.5111562252044678 0.7811038970947266 0.47544193267822266 0.7492194652557373 0.502704668045044 0.7197812557220459 0.4904494285583496 0.6828347682952881 0.497202205657959 0.6665870189666748 0.5237993717193603 0.6638357639312744
6 0.45223536491394045 0.6599059104919434 0.447002649307251 0.6169620513916015 0.4254049777984619 0.6018021106719971 0.4046971321105957 0.6334612846374512 0.3728217840194702 0.6565244197845459 0.3784322738647461 0.6878331184387207 0.4133285045623779 0.7016175270080567 0.4405821323394775 0.6848304271697998
