6 0.5067578315734863 0.44057159423828124 0.49369125366210936 0.49275360107421873 0.5119845390319824 0.5136264801025391 0.5145977973937989 0.5618948459625244 0.5093711853027344 0.62581787109375 0.4753981113433838 0.6219042778015137 0.42313189506530763 0.5579812049865722 0.4126786231994629 0.4901445388793945 0.4283585071563721 0.4183941841125488 0.4636382102966309 0.3714303493499756 0.5080645084381104 0.3583847999572754
6 0.6008370399475098 0.30620274543762205 0.6335034847259522 0.2422797203063965 0.6870763301849365 0.24619336128234864 0.6988362789154052 0.2996799945831299 0.6648631572723389 0.32577099800109866 0.6465700149536133 0.35577569007873533 0.6504899978637695 0.38578038215637206 0.6047570705413818 0.38186671733856203 0.6034503936767578 0.33359832763671876
6 0.6465700149536133 0.47579445838928225 0.6831564426422119 0.4236124038696289 0.7171294212341308 0.41708965301513673 0.7484891891479493 0.4536170482635498 0.7354226112365723 0.49144906997680665 0.6844630718231202 0.5031900405883789 0.6700898170471191 0.5384129524230957 0.645263385772705 0.5227582931518555
6 0.5355042934417724 0.26837074756622314 0.5381175994873046 0.21357955932617187 0.566864013671875 0.17966121435165405 0.5459575653076172 0.1418292284011841 0.5054512023925781 0.16009294986724854 0.47931809425354005 0.21227500438690186 0.4845447063446045 0.26184797286987305 0.515904426574707 0.300984525680542 0.5315843105316163 0.2996799945831299
6 0.35126581192016604 0.23445239067077636 0.3787055969238281 0.1757475733757019 0.4061453819274902 0.17052936553955078 0.40875868797302245 0.22010233402252197 0.41659860610961913 0.26184797286987305 0.42313189506530763 0.30489816665649416 0.39177215099334717 0.3309892177581787 0.36302571296691893 0.31272549629211427 0.3486525058746338 0.27619802951812744
6 0.3107594966888428 0.38186671733856203 0.3251327037811279 0.41317596435546877 0.37478563785552976 0.42752604484558104 0.3760922908782959 0.47057623863220216 0.3316659688949585 0.49405817985534667 0.2780930995941162 0.47579445838928225 0.2702531576156616 0.40404410362243653 0.29638626575469973 0.3622984647750854
6 0.6792364120483398 0.593204116821289 0.705369520187378 0.6245133399963378 0.7040628910064697 0.670172643661499 0.6896896839141846 0.7210501670837403 0.6661698818206787 0.713222885131836 0.6478766918182373 0.6597362041473389 0.6073703289031982 0.6492998123168945 0.6165169715881348 0.6062496185302735 0.6531033039093017 0.5788540363311767
6 0.5825438976287842 0.7053955078125 0.6034503936767578 0.747141170501709 0.5825438976287842 0.7980186939239502 0.5747039794921875 0.8280233383178711 0.5642507076263428 0.8345461845397949 0.5472641944885254 0.7745368003845214 0.5106778144836426 0.7393138885498047 0.5198244571685791 0.6910455226898193 0.5551041603088379 0.6884364128112793
6 0.4780114650726318 0.7197456359863281 0.4675581932067871 0.7641003608703614 0.438811731338501 0.8006278038024902 0.40483870506286623 0.8162823677062988 0.377398943901062 0.7654049396514893 0.4205185890197754 0.7432275295257569 0.4218252182006836 0.6962637424468994 0.43619842529296876 0.6806090354919434 0.4675581932067871 0.6884364128112793
6 0.38785219192504883 0.6545180320739746 0.39961206912994385 0.6036405086517334 0.38131890296936033 0.5775495052337647 0.34473254680633547 0.6049450874328614 0.29899957180023196 0.6179905891418457 0.2924663066864014 0.6558225631713868 0.32643938064575195 0.6858272552490234 0.364332389831543 0.6779999256134033
