6 0.4921145439147949 0.44739437103271484 0.4788337707519531 0.5 0.4974268913269043 0.5210422992706298 0.5000829696655273 0.569702434539795 0.4947706699371338 0.6341443061828613 0.46024069786071775 0.6301989555358887 0.4071176528930664 0.5657570362091064 0.39649300575256347 0.49736971855163575 0.41242995262146 0.42503700256347654 0.4482880115509033 0.37769193649291993 0.49344263076782224 0.36454052925109864
6 0.5877360343933106 0.31193492412567136 0.6209379196166992 0.24749302864074707 0.6753890514373779 0.25143842697143554 0.6873417377471924 0.3053592205047607 0.6528117656707764 0.3316620349884033 0.634218692779541 0.36191022396087646 0.6382029533386231 0.3921584844589233 0.5917202949523925 0.38821303844451904 0.5903922080993652 0.33955285549163816
6 0.634218692779541 0.48290319442749025 0.6714048862457276 0.4302975654602051 0.7059348106384278 0.4237218379974365 0.7378087043762207 0.46054577827453613 0.7245279312133789 0.4986848831176758 0.672732925415039 0.510521125793457 0.6581240653991699 0.5460299491882324 0.6328906536102294 0.5302482128143311
6 0.5213322639465332 0.27379584312438965 0.5239883422851562 0.2185599088668823 0.5532060146331788 0.18436625003814697 0.5319568634033203 0.14622719287872316 0.4907865047454834 0.16463916301727294 0.46422491073608396 0.2172447681427002 0.46953725814819336 0.26722011566162107 0.5014110565185547 0.30667433738708494 0.5173480033874511 0.3053592205047607
6 0.33407344818115237 0.2396021842956543 0.3619630575180054 0.1804208517074585 0.3898526430130005 0.17516028881072998 0.39250884056091306 0.22513561248779296 0.4004772663116455 0.26722011566162107 0.4071176528930664 0.31061973571777346 0.3752438068389893 0.33692255020141604 0.3460261344909668 0.3185105800628662 0.33141729831695554 0.2816866636276245
6 0.29290308952331545 0.38821303844451904 0.30751192569732666 0.41977639198303224 0.3579788446426392 0.43424301147460936 0.35930690765380857 0.4776425838470459 0.31415228843688964 0.5013151168823242 0.25970120429992677 0.48290319442749025 0.25173273086547854 0.41057047843933103 0.2782942295074463 0.3684859275817871
6 0.6674206256866455 0.6012658596038818 0.6939821243286133 0.6328291893005371 0.6926540851593017 0.6788591384887696 0.6780452728271484 0.7301496505737305 0.6541399002075196 0.7222588062286377 0.6355467796325683 0.6683380126953125 0.5943763732910157 0.6578168392181396 0.603672981262207 0.6144172668457031 0.6408590793609619 0.5867992401123047
6 0.569143009185791 0.7143679141998291 0.5903922080993652 0.7564523696899415 0.569143009185791 0.8077428817749024 0.5611744880676269 0.8379911422729492 0.5505499362945556 0.844566822052002 0.5332849025726318 0.7840703964233399 0.49609875679016113 0.7485615730285644 0.5053953170776367 0.6999013900756836 0.5412533760070801 0.6972710609436035
6 0.46289687156677245 0.7288344383239747 0.45227227210998533 0.7735491752624511 0.4230545997619629 0.8103732109069824 0.38852458000183104 0.8261548042297363 0.36063499450683595 0.774864387512207 0.40446152687072756 0.7525069713592529 0.4057895660400391 0.7051619529724121 0.4203984260559082 0.6893802165985108 0.45227227210998533 0.6972710609436035
6 0.37125959396362307 0.6630774021148682 0.3832122802734375 0.6117868900299073 0.36461923122406004 0.5854841232299804 0.32743308544158933 0.6131020545959472 0.28095040321350095 0.6262535095214844 0.2743100166320801 0.6643925189971924 0.308840012550354 0.694640827178955 0.34735422134399413 0.6867499351501465
