6 0.498734188079834 0.449367094039917 0.48607592582702636 0.5 0.5037974834442138 0.5202531814575195 0.5063291072845459 0.5670886039733887 0.5012658119201661 0.6291139125823975 0.4683544158935547 0.6253164768218994 0.4177215099334717 0.5632911205291748 0.4075949192047119 0.497468376159668 0.42278480529785156 0.42784810066223145 0.45696201324462893 0.3822784900665283 0.5 0.3696202516555786
6 0.5898734092712402 0.3189873456954956 0.6215189933776856 0.2569620370864868 0.6734177112579346 0.2607594966888428 0.6848101139068603 0.3126582384109497 0.651898717880249 0.33797469139099123 0.6341772079467773 0.36708860397338866 0.6379746913909912 0.396202540397644 0.5936708927154541 0.3924050569534302 0.5924050807952881 0.3455696105957031
6 0.6341772079467773 0.48354430198669435 0.6696202754974365 0.43291139602661133 0.7025316238403321 0.42658228874206544 0.7329113960266114 0.4620253086090088 0.7202531814575195 0.498734188079834 0.6708860874176026 0.5101265907287598 0.6569620132446289 0.5443037986755371 0.6329113960266113 0.5291139125823975
6 0.5265822887420655 0.28227849006652833 0.5291139125823975 0.22911391258239747 0.5569620132446289 0.1962025284767151 0.5367088794708252 0.1594936728477478 0.497468376159668 0.17721519470214844 0.4721518993377686 0.22784810066223143 0.47721519470214846 0.2759493589401245 0.5075949192047119 0.3139240503311157 0.5227848052978515 0.3126582384109497
6 0.34810125827789307 0.249367094039917 0.3746835470199585 0.19240506887435913 0.401265811920166 0.18734177350997924 0.40379748344421384 0.23544304370880126 0.4113924026489258 0.2759493589401245 0.4177215099334717 0.3177215099334717 0.3873417615890503 0.3430379629135132 0.35949366092681884 0.3253164529800415 0.3455696105957031 0.2898734092712402
6 0.3088607549667358 0.3924050569534302 0.3227848052978516 0.42278480529785156 0.37088608741760254 0.4367088794708252 0.37215189933776854 0.47848100662231446 0.32911391258239747 0.5012658119201661 0.27721519470214845 0.48354430198669435 0.2696202516555786 0.4139240741729736 0.2949367046356201 0.37341771125793455
6 0.6658227920532227 0.597468376159668 0.6911392211914062 0.6278481006622314 0.6898734092712402 0.6721518993377685 0.6759493827819825 0.7215189933776855 0.6531645774841308 0.7139240741729737 0.6354430198669434 0.6620253086090088 0.5962025165557862 0.651898717880249 0.6050632953643799 0.6101265907287597 0.6405063152313233 0.5835443019866944
6 0.5721518993377686 0.7063291072845459 0.5924050807952881 0.7468354225158691 0.5721518993377686 0.7962025165557861 0.5645569801330567 0.8253164291381836 0.5544303894042969 0.8316455841064453 0.5379746913909912 0.7734177112579346 0.502531623840332 0.7392405033111572 0.5113924026489258 0.6924050807952881 0.5455696105957031 0.6898734092712402
6 0.4708860874176025 0.7202531814575195 0.46075949668884275 0.7632911205291748 0.43291139602661133 0.798734188079834 0.4 0.8139240264892578 0.37341771125793455 0.7645569801330566 0.41518988609313967 0.7430379867553711 0.4164556980133057 0.697468376159668 0.43037972450256345 0.6822784900665283 0.46075949668884275 0.6898734092712402
6 0.3835443019866943 0.6569620132446289 0.39493670463562014 0.6075949192047119 0.3772151947021484 0.5822784900665283 0.3417721509933472 0.6088607788085938 0.29746835231781005 0.6215189933776856 0.29113924503326416 0.6582278251647949 0.32405064105987547 0.6873417854309082 0.3607594966888428 0.6797468185424804
