6 0.4956375598907471 0.4636388778686523 0.48240108489990235 0.49844775199890134 0.493174409866333 0.5143013000488281 0.49097304344177245 0.5477057456970215 0.48212289810180664 0.5912311553955079 0.4592369556427002 0.5857523441314697 0.42881021499633787 0.5375090599060058 0.42727179527282716 0.4900059223175049 0.4439097881317139 0.4419560432434082 0.47189040184020997 0.41255807876586914 0.5033183097839355 0.4072333812713623
6 0.5710069179534912 0.37896504402160647 0.5986030101776123 0.33769123554229735 0.6348787307739258 0.3447784423828125 0.6384950637817383 0.38252155780792235 0.6131309986114502 0.3976743221282959 0.5981556415557862 0.416804838180542 0.5983553886413574 0.4377581119537354 0.5674355983734131 0.43131427764892577 0.570529556274414 0.3980170488357544
6 0.5882429122924805 0.49933133125305174 0.6175472259521484 0.4664525032043457 0.641295051574707 0.46475510597229003 0.6597019672393799 0.492445182800293 0.6476507186889648 0.5173868179321289 0.6118673324584961 0.5212783813476562 0.5991389274597168 0.544318675994873 0.5834713459014893 0.5315170764923096
6 0.5294986724853515 0.34759016036987306 0.535809326171875 0.3101294279098511 0.5582492351531982 0.2891655921936035 0.5470913887023926 0.26143627166748046 0.5179105281829834 0.2706707715988159 0.49574742317199705 0.3044074296951294 0.4952237606048584 0.3389233350753784 0.5134150981903076 0.36840746402740476 0.5242347717285156 0.3687971353530884
6 0.4064352035522461 0.30914912223815916 0.43002963066101074 0.2710345506668091 0.44920644760131834 0.2696980953216553 0.44689741134643557 0.30399959087371825 0.4488054275512695 0.3333477735519409 0.44971308708190916 0.3634857892990112 0.4261343479156494 0.3788530111312866 0.4080043315887451 0.3639357566833496 0.4012019634246826 0.3376395463943481
6 0.36658740043640137 0.40718932151794435 0.37382071018218993 0.429897403717041 0.4065565586090088 0.44383916854858396 0.40389351844787597 0.47354822158813475 0.3716037034988403 0.486049222946167 0.3365131616592407 0.46909470558166505 0.3370832920074463 0.41911492347717283 0.3583843469619751 0.3925544500350952
6 0.6008621215820312 0.5827444076538086 0.6161293506622314 0.606417465209961 0.6114655494689941 0.637706184387207 0.5974442481994628 0.6715107917785644 0.5820228576660156 0.6641986846923829 0.5739432334899902 0.6259193897247315 0.5471328258514404 0.6154192924499512 0.5569370746612549 0.5865679740905761 0.5841941833496094 0.5707326412200928
6 0.5255391597747803 0.6519542694091797 0.5363738536834717 0.6823746681213378 0.5178891658782959 0.7156431674957275 0.5100550174713134 0.7356314659118652 0.5023750305175781 0.739258861541748 0.4957267761230469 0.6966017246246338 0.47364153861999514 0.6693797588348389 0.48387675285339354 0.6369403839111328 0.5081940650939941 0.6380412578582764
6 0.4529412746429443 0.6532438278198243 0.4421366214752197 0.682884931564331 0.4194812297821045 0.7056428909301757 0.3949791193008423 0.713619327545166 0.3804354190826416 0.676383638381958 0.411724853515625 0.664672565460205 0.41649637222290037 0.6324867725372314 0.427608585357666 0.6229018688201904 0.44838595390319824 0.6308573246002197
6 0.39673514366149903 0.6009941101074219 0.4089712142944336 0.5669750213623047 0.39862895011901855 0.547533369064331 0.37137181758880616 0.5633687019348145 0.33905127048492434 0.5685862541198731 0.331463360786438 0.5940639019012451 0.35219430923461914 0.6174833297729492 0.3787278652191162 0.6152105808258057
