6 0.46159729957580564 0.4355023384094238 0.4873617649078369 0.4959752559661865 0.5204670906066895 0.5029541969299316 0.5585487842559814 0.548135232925415 0.6005599975585938 0.6143264770507812 0.5647452354431153 0.6353673458099365 0.46700215339660645 0.6112453937530518 0.40690903663635253 0.5527092456817627 0.3692662477493286 0.47123217582702637 0.36887757778167723 0.3995964050292969 0.40233540534973145 0.3543603181838989
6 0.45383548736572266 0.23556406497955323 0.43842363357543945 0.1492941975593567 0.493237829208374 0.11391158103942871 0.5440291404724121 0.15749090909957886 0.5303120613098145 0.20780596733093262 0.5346769332885742 0.25046586990356445 0.5605745792388916 0.2768716812133789 0.5133601188659668 0.30651752948760985 0.4765449523925781 0.2603803873062134
6 0.6230678081512451 0.36756267547607424 0.6201027870178223 0.289879584312439 0.6482313632965088 0.25865650177001953 0.7055321216583252 0.271347713470459 0.7207281589508057 0.3178199052810669 0.6799764633178711 0.3665637493133545 0.691984224319458 0.41144652366638185 0.6563889980316162 0.4143393039703369
6 0.3626415491104126 0.24645912647247314 0.32482242584228516 0.19108961820602416 0.3277082920074463 0.13696240186691283 0.27957987785339355 0.11534932851791382 0.25376501083374026 0.16280823945999146 0.2668631553649902 0.2328423023223877 0.3084389686584473 0.2773839235305786 0.3676612377166748 0.29262075424194334 0.38190009593963625 0.2798745155334473
6 0.15906622409820556 0.3481797218322754 0.14243085384368898 0.27082552909851076 0.16518704891204833 0.24565579891204833 0.20422959327697754 0.29210963249206545 0.24257407188415528 0.32710225582122804 0.2806126356124878 0.3643237590789795 0.2694288730621338 0.41272649765014646 0.22811214923858641 0.4159421443939209 0.1872775912284851 0.3908213138580322
6 0.22836768627166748 0.521644926071167 0.2653591394424438 0.5416746139526367 0.3240596532821655 0.5193427085876465 0.3570317029953003 0.5603886604309082 0.3312600374221802 0.6158071041107178 0.2658773183822632 0.6371890068054199 0.2054351568222046 0.5729221820831298 0.20002312660217286 0.5130703926086426
6 0.7412030696868896 0.45821094512939453 0.7895941257476806 0.4696354389190674 0.8219545364379883 0.5151392936706543 0.845491600036621 0.5752954959869385 0.8169276237487793 0.5848689556121827 0.7598031997680664 0.5460702419281006 0.7128512859344482 0.5655275821685791 0.6900124073028564 0.5168326377868653 0.7053018569946289 0.4633326053619385
6 0.7300984382629394 0.6384239673614502 0.7811092853546142 0.6638553619384766 0.7983131408691406 0.7287921905517578 0.8128110885620117 0.7638030529022217 0.8074818611145019 0.7778160572052002 0.7468201637268066 0.7316971778869629 0.6854135990142822 0.7241032600402832 0.6587316989898682 0.6703171253204345 0.6910091876983643 0.6419562339782715
6 0.639336347579956 0.7289144039154053 0.6618693828582763 0.779838228225708 0.6609050750732421 0.83651123046875 0.6395019054412842 0.8766438484191894 0.575432538986206 0.847083568572998 0.6008983612060547 0.7938940525054932 0.5675772190093994 0.7471174716949462 0.5699808597564697 0.7213265895843506 0.6061447620391845 0.7060164451599121
6 0.5039000988006592 0.7312471866607666 0.4778296947479248 0.6730032444000245 0.44088144302368165 0.6609331607818604 0.42559189796447755 0.7144331455230712 0.39086740016937255 0.7606254100799561 0.41239657402038576 0.8023168563842773 0.46742682456970214 0.8067319869995118 0.4983944892883301 0.7713676452636719
