6 0.5110302448272706 0.4475593566894531 0.47784900665283203 0.4902376174926758 0.4862386226654053 0.5168558597564697 0.4690847873687744 0.5623000621795654 0.4383662223815918 0.6189566135406495 0.4086625576019287 0.6015680313110352 0.38642942905426025 0.5215744018554688 0.40429258346557617 0.4549546718597412 0.4478107452392578 0.39534380435943606 0.49933590888977053 0.36648032665252683 0.5455398082733154 0.37251787185668944
6 0.6521313667297364 0.36219308376312254 0.7081223011016846 0.3166745901107788 0.7558776378631592 0.3420190095901489 0.7450332641601562 0.3959741830825806 0.7031702518463134 0.4061751842498779 0.6741626262664795 0.42633957862854005 0.6656135559082031 0.4555204391479492 0.6250789165496826 0.4333582878112793 0.6434362411499024 0.3884444713592529
6 0.6255251407623291 0.5366984367370605 0.6803684234619141 0.5035670757293701 0.714301347732544 0.5113593101501465 0.7283814430236817 0.5576760292053222 0.701015567779541 0.587159252166748 0.6493230819702148 0.577270221710205 0.6218111038208007 0.6038239479064942 0.6052896022796631 0.5793519973754883
6 0.6072903156280518 0.3008867740631104 0.6319012641906738 0.2515662908554077 0.6721225261688233 0.23204638957977294 0.6681987285614014 0.18877319097518921 0.6234905242919921 0.18912502527236938 0.5782748222351074 0.22649943828582764 0.5629992008209228 0.2742039918899536 0.5760218620300293 0.32291982173919676 0.5909919261932373 0.328084921836853
6 0.4513495922088623 0.1949141263961792 0.5004120826721191 0.15207233428955078 0.527799129486084 0.15841219425201417 0.5101166248321534 0.20505597591400146 0.5004199028015137 0.24662396907806397 0.48899106979370116 0.2888611316680908 0.4495349884033203 0.3001229763031006 0.4304605007171631 0.2716607809066772 0.43202528953552244 0.2322390556335449
6 0.35430316925048827 0.3140217065811157 0.35485305786132815 0.34864518642425535 0.3947686910629272 0.38199496269226074 0.3785261154174805 0.42211055755615234 0.3280928373336792 0.42566943168640137 0.28615283966064453 0.38712990283966064 0.30800888538360593 0.31797218322753906 0.3489952564239502 0.29019412994384763
6 0.608031177520752 0.6579178810119629 0.6194120407104492 0.6973147869110108 0.5997052192687988 0.7387688159942627 0.5658492088317871 0.7797171592712402 0.5473591804504394 0.7629729270935058 0.5521862983703614 0.7063658237457275 0.519108772277832 0.6803274631500245 0.5449790000915528 0.6444549083709716 0.5897775173187256 0.6341150283813477
6 0.4735105514526367 0.7218308925628663 0.4758483409881592 0.7687027931213379 0.4359750747680664 0.8069992065429688 0.4165950775146484 0.8314065933227539 0.4043241500854492 0.8331612586975098 0.41299805641174314 0.7710868835449218 0.3935755014419556 0.7238481044769287 0.42156038284301756 0.683177375793457 0.4551108360290527 0.6950986862182618
6 0.3714193820953369 0.6925952434539795 0.3438170671463013 0.7291369915008545 0.30253851413726807 0.7510559558868408 0.2649048328399658 0.7516605377197265 0.260250449180603 0.6937399864196777 0.30895161628723145 0.690850305557251 0.32918710708618165 0.6481967449188233 0.3487690448760986 0.6396363258361817 0.37447984218597413 0.6595628738403321
6 0.3148148775100708 0.596021032333374 0.3462639808654785 0.554011869430542 0.33998908996582033 0.5225955009460449 0.29519047737121584 0.532935380935669 0.24778316020965577 0.5263673782348632 0.22643451690673827 0.55850248336792 0.24556479454040528 0.5998822212219238 0.28363680839538574 0.6080659866333008
