6 0.47920737266540525 0.45253934860229494 0.4868135929107666 0.5053883552551269 0.5114338874816895 0.5177106857299805 0.5319557189941406 0.5610851764678955 0.5511631965637207 0.6217839241027832 0.5185258388519287 0.6309237480163574 0.44657278060913086 0.5917781829833985 0.41151065826416017 0.5333613872528076 0.3989541530609131 0.46155123710632323 0.4136862277984619 0.4051699161529541 0.44954566955566405 0.3765274524688721
6 0.5150639533996582 0.2937978029251099 0.5210304737091065 0.22281222343444823 0.5716493129730225 0.20632476806640626 0.6025218963623047 0.25106542110443114 0.581151008605957 0.2877767086029053 0.5756348609924317 0.32220609188079835 0.590497636795044 0.3483081102371216 0.5470714092254638 0.36185646057128906 0.5277482986450195 0.31799209117889404
6 0.6207007884979248 0.4324922561645508 0.6346723079681397 0.37082600593566895 0.663390827178955 0.35209619998931885 0.7058769226074219 0.3739051818847656 0.7080948829650879 0.41356778144836426 0.6657517433166504 0.44346070289611816 0.6657911777496338 0.4812155723571777 0.6371366024017334 0.4761375427246094
6 0.4409202575683594 0.28352603912353513 0.4227441787719727 0.23219830989837648 0.43638086318969727 0.1902538537979126 0.40299510955810547 0.16332728862762452 0.37269136905670164 0.19529523849487304 0.3683099985122681 0.25304269790649414 0.39171926975250243 0.2966362953186035 0.43518500328063964 0.3208428144454956 0.4490803241729736 0.31376588344573975
6 0.25915868282318116 0.3214267253875732 0.26228957176208495 0.25719561576843264 0.2855041742324829 0.24211375713348388 0.3065159320831299 0.2866870403289795 0.32938361167907715 0.3221083641052246 0.35154237747192385 0.35921826362609866 0.3325690031051636 0.39494986534118653 0.29933838844299315 0.38894383907318114 0.272436261177063 0.3607668161392212
6 0.27734980583190916 0.47207212448120117 0.302292537689209 0.4954541206359863 0.35323386192321776 0.49002633094787595 0.3705975770950317 0.5290956020355224 0.3386568784713745 0.5673281669616699 0.2826497793197632 0.5706292629241944 0.24851560592651367 0.5076364040374756 0.2568157196044922 0.4594789981842041
6 0.6947561740875244 0.5281346797943115 0.7304877281188965 0.5471080303192138 0.7464336395263672 0.5895545482635498 0.7523513317108155 0.6416946411132812 0.7278345584869385 0.6433193206787109 0.6909680366516113 0.6010279655456543 0.6498876094818116 0.6066230773925781 0.6421140193939209 0.5636350154876709 0.665392541885376 0.5247452735900879
6 0.6481746196746826 0.6674769401550293 0.6830299377441407 0.6979998111724853 0.6829537868499755 0.7525891304016114 0.6870276927947998 0.7830996990203858 0.6798868656158448 0.7930123329162597 0.6417699813842773 0.7442372798919678 0.5949787139892578 0.7255864143371582 0.5852457046508789 0.6778032779693604 0.616632604598999 0.6621798515319824
6 0.5576619148254395 0.7198512077331543 0.5647266387939454 0.7645278453826905 0.5520695686340332 0.8088699340820312 0.5267799377441407 0.8359910011291504 0.4825018882751465 0.7995261669158935 0.5137336730957032 0.762982177734375 0.4972979068756104 0.7193369388580322 0.504606056213379 0.699563455581665 0.5363154888153077 0.6949996471405029
6 0.4504549503326416 0.6937125205993653 0.442139720916748 0.6425521373748779 0.4155601501464844 0.6254347801208496 0.39228157997131347 0.6643245697021485 0.35522334575653075 0.6934567928314209 0.3634351253509521 0.7306701183319092 0.4058694839477539 0.7455056667327881 0.43769445419311526 0.7241075038909912
